"Name","IndustryType__c","ERROR"
